a [(37, 2), (58, 6), (59, 15), (67, 15), (68, 6), (69, 5), (74, 7), (74, 17), (78, 5), (79, 18), (93, 17), (95, 5), (97, 12), (105, 19), (110, 14), (113, 13), (130, 15), (142, 20), (144, 19), (145, 1), (146, 18), (149, 7), (151, 6), (152, 26), (157, 19), (185, 18), (190, 14), (197, 4), (247, 19), (257, 13), (258, 18), (259, 23), (263, 6), (291, 6)]
about [(49, 18), (216, 23), (300, 20)]
after [(241, 8)]
all [(4, 1), (12, 19), (13, 4), (39, 30), (61, 20), (82, 17), (84, 13), (100, 17), (102, 13), (219, 5), (271, 20), (277, 19), (281, 25)]
ALL [(70, 17), (108, 8)]
always [(277, 4)]
and [(7, 1), (10, 1), (18, 1), (20, 1), (25, 1), (27, 1), (30, 1), (40, 12), (69, 1), (74, 13), (78, 1), (79, 1), (80, 1), (81, 14), (91, 1), (91, 14), (93, 1), (95, 1), (96, 1), (107, 1), (107, 11), (109, 1), (124, 1), (135, 1), (141, 1), (142, 1), (160, 14), (161, 11), (165, 16), (166, 1), (169, 16), (170, 1), (170, 11), (173, 16), (185, 1), (202, 12), (208, 11), (213, 22), (217, 23), (218, 1), (218, 15), (219, 1), (220, 1), (225, 1), (239, 11), (242, 1), (248, 1), (253, 1), (262, 1), (268, 1), (269, 1), (269, 13), (272, 1), (278, 1), (283, 1), (283, 15), (284, 1), (284, 15), (285, 1), (285, 16), (286, 1), (286, 14), (287, 1), (287, 15), (288, 1), (290, 1), (293, 1), (296, 1), (296, 11)]
another [(140, 1), (279, 17)]
any [(294, 15)]
are [(54, 12), (154, 14), (184, 15), (186, 7), (213, 6)]
as [(67, 1), (99, 1), (114, 15), (142, 17), (236, 5), (236, 13), (240, 5), (240, 13), (251, 13)]
asked [(304, 16)]
at [(12, 16), (39, 27), (61, 17), (72, 7), (73, 6), (85, 7), (86, 6), (87, 6), (119, 11), (120, 6), (120, 21), (147, 11), (248, 18), (271, 17)]
away [(45, 18), (133, 16), (253, 19), (262, 18), (265, 14), (288, 17)]
back [(144, 6), (273, 9)]
bad [(54, 20), (219, 18)]
ball [(10, 22), (67, 17), (81, 30), (99, 17), (106, 22)]
be [(48, 15), (49, 15), (50, 15), (125, 16), (129, 16), (176, 25), (178, 17)]
bed [(215, 20)]
bent [(124, 9)]
bet [(243, 18), (244, 3)]
big [(145, 3), (217, 6), (218, 19), (267, 20), (268, 21)]
bit [(19, 16), (116, 16), (201, 16)]
bite [(162, 23)]
book [(68, 8)]
books [(76, 19), (92, 21), (285, 9)]
bow [(157, 21)]
box [(144, 21), (145, 16), (152, 28), (154, 10), (164, 18), (261, 8)]
BUMP [(20, 25)]
bump [(21, 10), (105, 21), (198, 26), (205, 1), (206, 1), (206, 21), (214, 22)]
bumps [(217, 10)]
but [(31, 1), (44, 1), (70, 1), (82, 1), (89, 1), (100, 1), (129, 2), (175, 1), (266, 1)]
cake [(74, 19), (91, 22), (122, 21), (282, 18)]
call [(58, 20), (152, 4), (160, 20)]
came [(105, 4), (109, 14), (144, 1), (165, 1), (247, 4), (292, 17)]
can [(31, 8), (56, 10), (70, 23), (76, 3), (77, 3), (81, 3), (90, 3), (92, 3), (94, 3), (97, 3), (98, 3), (236, 20), (243, 3), (245, 3), (270, 4)]
cat [(26, 5), (34, 10), (36, 10), (45, 11), (46, 11), (53, 25), (55, 10), (64, 26), (71, 10), (73, 27), (103, 18), (118, 22), (131, 10), (135, 19), (143, 5), (148, 10), (153, 10), (157, 10), (183, 10), (191, 10), (193, 10), (250, 20), (254, 21), (262, 9), (274, 10), (276, 10)]
cold [(4, 10), (4, 16), (10, 9)]
come [(187, 11), (266, 22)]
could [(13, 11), (33, 28), (222, 11), (240, 18)]
cup [(69, 7), (74, 9), (90, 19), (286, 22)]
day [(4, 26), (43, 9), (189, 23), (299, 36)]
dear [(254, 5), (256, 4)]
deep [(122, 9), (269, 8)]
did [(1, 9), (12, 4), (18, 8), (41, 1), (117, 20), (171, 1), (255, 6), (294, 2), (295, 16), (296, 17)]
dish [(79, 20), (285, 24)]
do [(8, 21), (13, 17), (28, 6), (39, 39), (47, 5), (63, 4), (70, 27), (111, 11), (112, 12), (115, 8), (134, 3), (167, 17), (167, 24), (171, 22), (200, 7), (221, 4), (227, 1), (228, 19), (233, 2), (237, 23), (251, 10), (295, 24), (301, 21), (303, 16)]
DO [(232, 5)]
dots [(212, 19)]
down [(60, 9), (62, 8), (81, 18), (105, 9), (109, 19), (203, 14), (207, 1), (209, 24), (246, 12), (247, 9), (281, 50)]
fall [(63, 19), (65, 21), (108, 23)]
fan [(97, 18), (98, 7), (98, 20), (286, 9)]
fast [(142, 12), (166, 20), (232, 19), (236, 8), (240, 8)]
fear [(52, 21), (53, 9), (64, 10), (182, 10), (225, 25), (275, 10)]
fell [(104, 9), (110, 4)]
find [(231, 4), (267, 10)]
fish [(44, 9), (59, 17), (60, 25), (62, 24), (77, 19), (93, 9), (109, 9), (114, 10), (118, 10), (128, 10), (132, 8), (175, 9), (181, 10), (182, 23), (195, 10), (224, 10), (225, 9), (232, 35), (264, 26), (287, 23)]
fly [(192, 15), (196, 18)]
for [(43, 1)]
fox [(142, 22)]
from [(106, 1)]
fun [(32, 14), (57, 14), (61, 13), (88, 7), (88, 19), (152, 19), (163, 19), (188, 25), (294, 19)]
funny [(32, 26)]
game [(58, 8), (113, 20), (140, 14), (152, 14), (190, 16), (255, 23)]
games [(33, 19)]
gave [(185, 8)]
get [(127, 5), (238, 18), (243, 7), (245, 7)]
give [(188, 11)]
go [(9, 12), (45, 15), (133, 13), (134, 18), (177, 27)]
gone [(265, 9), (290, 17)]
good [(32, 9), (33, 14), (37, 11), (57, 9), (113, 15), (140, 9), (184, 19), (264, 10), (280, 1)]
got [(150, 9)]
gown [(211, 21), (212, 5), (283, 23)]
had [(8, 4), (172, 7), (248, 7), (249, 18)]
hall [(203, 23), (207, 22)]
hand [(68, 21)]
hands [(168, 25), (172, 20), (174, 20)]
has [(265, 5)]
hat [(26, 16), (36, 21), (46, 22), (55, 21), (69, 17), (75, 18), (131, 21), (135, 30), (143, 16), (151, 19), (183, 21), (193, 21), (276, 21), (291, 19)]
have [(31, 12), (52, 13), (53, 1), (56, 14), (64, 2), (88, 14), (89, 9), (163, 14), (182, 2), (187, 6), (238, 10), (275, 2), (294, 10)]
he [(27, 5), (48, 1), (49, 1), (50, 1), (104, 6), (105, 1), (110, 1), (111, 1), (114, 18), (141, 10), (150, 6), (185, 5), (260, 6), (265, 2), (282, 1), (288, 5), (289, 6), (290, 10)]
head [(104, 21), (215, 8)]
hear [(227, 8), (233, 9)]
her [(212, 1), (215, 16), (226, 20), (234, 7), (298, 16), (300, 16)]
here [(48, 18), (50, 18), (125, 19), (129, 19), (178, 20), (187, 16), (190, 6)]
high [(66, 20)]
him [(23, 13), (25, 12), (281, 13)]
his [(104, 17), (151, 15), (291, 15)]
hit [(199, 26)]
hold [(66, 8), (76, 7), (77, 7), (90, 7), (92, 7), (94, 7), (97, 7)]
home [(226, 28)]
hook [(146, 20), (158, 21), (261, 21)]
hop [(81, 7), (99, 6)]
hops [(218, 10)]
house [(3, 18), (11, 18), (42, 27), (119, 19), (123, 18), (127, 21), (177, 9), (194, 18), (197, 6), (273, 21)]
how [(7, 14), (21, 1), (89, 22), (167, 13)]
hte [(36, 17)]
i [(5, 1), (7, 5), (7, 18), (29, 2), (33, 2), (35, 2), (38, 1), (39, 37), (40, 16), (58, 18), (63, 2), (65, 2), (66, 1), (67, 4), (70, 21), (76, 1), (77, 1), (81, 1), (90, 1), (92, 1), (94, 1), (97, 1), (98, 1), (99, 4), (107, 15), (111, 14), (112, 10), (115, 6), (129, 6), (130, 5), (133, 2), (134, 1), (139, 1), (140, 24), (152, 2), (155, 1), (158, 2), (160, 18), (170, 15), (200, 5), (202, 16), (220, 5), (221, 2), (234, 1), (240, 16), (241, 1), (242, 5), (243, 1), (243, 16), (244, 1), (245, 1), (246, 6), (248, 5), (250, 6), (251, 16), (277, 2), (279, 1), (280, 17), (296, 15)]
if [(39, 34), (57, 19), (222, 1), (304, 1)]
in [(3, 11), (11, 11), (23, 22), (26, 9), (36, 14), (46, 15), (55, 14), (122, 14), (128, 15), (131, 14), (132, 13), (135, 23), (143, 9), (144, 11), (152, 23), (154, 2), (177, 1), (181, 15), (183, 14), (193, 14), (194, 11), (195, 15), (197, 1), (207, 15), (261, 1), (273, 14), (276, 14), (292, 22)]
into [(110, 9)]
is [(29, 12), (30, 13), (32, 23), (51, 18), (61, 7), (70, 10), (82, 10), (84, 6), (88, 4), (100, 10), (102, 6), (103, 6), (113, 6), (126, 17), (179, 18), (190, 11), (226, 14), (235, 13), (264, 7), (268, 15), (271, 7), (289, 21)]
it [(2, 1), (18, 21), (29, 9), (88, 1), (115, 20), (122, 6), (130, 12), (146, 1), (200, 19), (230, 23), (247, 1), (270, 17), (300, 26)]
jump [(21, 23)]
jumps [(217, 17)]
kicks [(217, 27)]
kind [(263, 12)]
kinds [(219, 9)]
kite [(210, 22), (214, 17)]
kites [(192, 19), (196, 22), (205, 12)]
know [(29, 4), (33, 4), (35, 4), (41, 9), (89, 17), (140, 26), (171, 9), (280, 19), (296, 25)]
last [(248, 21)]
let [(65, 13), (246, 8)]
like [(18, 16), (28, 23), (111, 16), (115, 15), (129, 8), (130, 7), (156, 10), (168, 11), (190, 31), (192, 7), (200, 14), (221, 11), (230, 18), (255, 14)]
lit [(114, 21)]
little [(19, 9), (78, 7), (95, 7), (116, 9), (182, 16), (201, 9)]
look [(72, 2), (73, 1), (80, 5), (85, 2), (86, 1), (87, 1), (96, 5), (117, 6), (119, 6), (120, 1), (120, 16), (147, 6), (149, 9), (224, 22), (224, 28), (263, 20)]
looked [(22, 4), (24, 4)]
lot [(37, 4), (130, 17)]
lots [(32, 1), (57, 1)]
made [(21, 15)]
make [(45, 1), (177, 17)]
man [(95, 18)]
mat [(23, 32)]
me [(60, 6), (62, 5), (72, 10), (73, 9), (85, 10), (86, 9), (87, 9), (295, 6)]
mess [(267, 24), (268, 10), (275, 23)]
milk [(79, 10), (91, 9), (284, 9)]
mind [(39, 22)]
mother [(39, 6), (42, 5), (51, 11), (126, 10), (179, 11), (211, 8), (222, 4), (226, 7), (234, 18), (235, 6), (266, 10), (292, 10), (304, 9)]
my [(54, 2), (69, 14), (75, 15), (96, 17), (241, 14), (242, 19), (244, 13), (246, 17), (277, 23)]
near [(235, 16)]
net [(241, 17), (242, 22), (244, 16), (246, 20)]
new [(35, 14), (124, 18), (159, 24), (211, 17)]
no [(44, 21), (44, 25), (52, 18), (53, 6), (61, 10), (64, 7), (83, 5), (101, 5), (112, 5), (115, 2), (175, 21), (175, 25), (182, 7), (194, 2), (271, 10), (275, 7)]
not [(1, 13), (18, 12), (19, 1), (30, 16), (39, 18), (41, 5), (48, 11), (49, 11), (50, 11), (54, 16), (65, 9), (70, 13), (82, 13), (84, 9), (100, 13), (102, 9), (112, 15), (113, 9), (115, 11), (116, 1), (126, 20), (162, 19), (171, 5), (176, 21), (178, 13), (179, 21), (194, 7), (196, 14), (197, 26), (200, 10), (201, 1), (230, 14), (255, 10), (270, 8), (296, 21)]
NOT [(47, 8), (63, 7), (125, 12), (133, 9), (134, 6), (221, 7)]
nothing [(12, 8)]
now [(52, 2), (52, 7), (73, 12), (117, 2), (119, 2), (147, 2), (155, 20), (190, 1), (251, 2), (301, 1)]
NOW [(87, 12)]
of [(32, 6), (37, 8), (42, 20), (57, 6), (75, 12), (127, 13), (151, 12), (164, 11), (210, 15), (215, 13), (219, 15), (237, 7), (238, 26), (263, 17), (275, 15), (291, 12)]
oh [(83, 1), (101, 1), (112, 1), (130, 1), (186, 18), (198, 1), (199, 1), (200, 1), (223, 1), (228, 1), (230, 1), (254, 2), (256, 1)]
on [(23, 25), (67, 12), (69, 11), (75, 1), (79, 15), (81, 23), (93, 14), (99, 10), (104, 14), (106, 15), (150, 16), (189, 1), (205, 18), (210, 1), (215, 1), (226, 17), (299, 22)]
one [(19, 5), (68, 13), (68, 17), (116, 5), (201, 5), (208, 21), (210, 18), (214, 13), (239, 7)]
One [(161, 7), (165, 26), (169, 12), (173, 12)]
our [(42, 1), (44, 5), (109, 5), (114, 6), (121, 10), (123, 14), (124, 14), (126, 6), (175, 5), (224, 6), (225, 5), (255, 19), (292, 6)]
out [(9, 15), (42, 16), (51, 21), (127, 9), (141, 17), (164, 7), (180, 10), (180, 25)]
pack [(252, 5)]
pat [(185, 20)]
pick [(158, 9), (270, 12), (277, 11), (281, 17)]
picked [(282, 4)]
pink [(213, 10)]
play [(2, 19), (10, 17), (33, 34), (47, 20), (187, 24), (221, 34)]
playthings [(277, 26)]
PLOP [(247, 21)]
pot [(110, 16), (128, 22), (132, 20), (181, 22), (195, 22)]
put [(60, 2), (62, 1), (180, 1), (180, 16), (288, 8)]
rake [(93, 19), (124, 22), (283, 9)]
ran [(141, 13), (166, 10), (209, 6), (209, 20), (216, 19)]
red [(97, 14), (145, 7), (213, 26)]
rid [(238, 22)]
run [(203, 10)]
s [(211, 15)]
sad [(263, 8)]
said [(7, 7), (27, 8), (34, 1), (36, 1), (44, 14), (53, 16), (55, 1), (60, 16), (62, 15), (64, 17), (71, 1), (73, 18), (103, 22), (111, 4), (114, 1), (118, 1), (128, 1), (131, 1), (135, 10), (148, 1), (153, 1), (157, 1), (167, 6), (175, 14), (181, 1), (183, 1), (191, 1), (193, 1), (195, 1), (220, 7), (224, 15), (232, 26), (242, 7), (250, 8), (254, 12), (264, 17), (276, 1), (289, 9), (293, 9)]
sally [(5, 18), (40, 6), (107, 5), (170, 5), (202, 6), (296, 5)]
sank [(121, 5), (122, 1)]
sat [(3, 7), (5, 3), (6, 4), (11, 7)]
saw [(23, 9), (25, 8), (108, 4), (203, 1), (204, 4), (211, 4), (214, 9), (234, 3), (281, 9)]
say [(41, 22), (223, 20), (229, 15), (251, 18), (297, 9)]
see [(159, 10), (222, 17)]
shake [(168, 19), (172, 14)]
shame [(257, 15), (258, 20), (259, 25)]
she [(223, 16), (228, 15), (229, 11), (230, 5), (267, 1), (293, 5)]
shine [(1, 17)]
ship [(78, 18), (94, 20), (121, 18), (287, 9)]
shook [(123, 5), (174, 4), (225, 14)]
should [(48, 4), (49, 4), (50, 4), (176, 14), (178, 6), (196, 7), (197, 19), (298, 1), (300, 1)]
SHOULD [(125, 5), (301, 11)]
show [(38, 8), (139, 8), (155, 8), (279, 8)]
shut [(146, 8), (260, 9)]
sit [(14, 1), (15, 4), (16, 7), (17, 10), (28, 13)]
so [(3, 1), (11, 1), (13, 1), (135, 5), (136, 2), (137, 3), (138, 4), (172, 1), (186, 22), (232, 2), (236, 1), (240, 1), (268, 18), (269, 5), (269, 17), (278, 5)]
some [(33, 9), (35, 9), (79, 5), (188, 20)]
something [(8, 8), (20, 10), (159, 14), (232, 8), (237, 10)]
stand [(67, 6)]
step [(23, 17)]
stop [(249, 25)]
string [(210, 8)]
strings [(284, 23)]
sun [(1, 5), (30, 9)]
sunny [(30, 20)]
tail [(96, 20)]
take [(149, 2), (253, 9)]
tall [(269, 20)]
tame [(186, 11), (186, 25)]
tell [(46, 1), (295, 1), (298, 11), (300, 11)]
that [(4, 5), (21, 5), (28, 28), (32, 18), (45, 6), (46, 6), (58, 13), (70, 5), (82, 5), (84, 1), (100, 5), (102, 1), (103, 1), (120, 24), (140, 19), (190, 21), (213, 1), (221, 24), (264, 2), (280, 12), (281, 40), (289, 16), (289, 24), (299, 12), (299, 31)]
the [(1, 1), (3, 14), (11, 14), (23, 28), (26, 1), (26, 12), (30, 5), (34, 6), (36, 6), (42, 23), (43, 5), (46, 18), (53, 21), (55, 6), (55, 17), (60, 21), (62, 20), (64, 22), (71, 6), (73, 23), (75, 4), (77, 15), (81, 26), (90, 15), (91, 5), (91, 18), (93, 5), (94, 12), (98, 16), (99, 13), (103, 14), (106, 18), (108, 12), (118, 6), (118, 18), (122, 17), (128, 6), (128, 18), (131, 6), (131, 17), (132, 4), (132, 16), (135, 15), (135, 26), (143, 1), (143, 12), (148, 6), (153, 6), (157, 6), (158, 17), (164, 14), (181, 6), (181, 18), (183, 6), (183, 17), (191, 6), (193, 6), (193, 17), (194, 14), (195, 6), (195, 18), (198, 5), (199, 5), (203, 19), (205, 21), (207, 6), (207, 18), (210, 4), (212, 15), (215, 4), (221, 16), (232, 31), (250, 16), (254, 17), (260, 17), (261, 4), (261, 17), (262, 5), (264, 22), (273, 17), (274, 6), (276, 6), (276, 17), (281, 29), (282, 14), (283, 5), (283, 19), (284, 5), (284, 19), (285, 5), (285, 20), (286, 5), (286, 18), (287, 5), (287, 19), (299, 1)]
their [(174, 10), (205, 6)]
them [(38, 13), (160, 25), (177, 22), (180, 5), (180, 20), (185, 13), (203, 5), (243, 11), (248, 11), (253, 14), (288, 12)]
then [(20, 5), (23, 1), (40, 1), (104, 1), (141, 5), (142, 6), (150, 1), (164, 1), (202, 1), (214, 1), (216, 1), (224, 1), (246, 1), (250, 1), (260, 1), (281, 1), (289, 1), (290, 5), (292, 1)]
THEN [(272, 5)]
there [(5, 7), (6, 8), (28, 17), (106, 9), (271, 1), (299, 25)]
these [(92, 15), (156, 15), (162, 1), (184, 2)]
they [(163, 1), (166, 5), (167, 1), (178, 1), (186, 2), (187, 1), (188, 1), (190, 26), (192, 2), (196, 2), (197, 14), (198, 16), (199, 16), (209, 1), (209, 15), (221, 29)]
Thing [(161, 1), (161, 15), (165, 6), (165, 20), (169, 6), (169, 20), (173, 6), (173, 20)]
thing [(208, 1), (208, 15), (239, 1), (239, 15)]
things [(108, 16), (154, 22), (156, 25), (160, 5), (198, 9), (199, 9), (216, 12), (245, 17), (249, 11), (260, 21), (281, 33), (299, 5)]
Things [(162, 7), (176, 7), (184, 8), (184, 24), (204, 18), (252, 19)]
think [(237, 1)]
this [(61, 2), (111, 21), (113, 1), (119, 14), (120, 9), (127, 16), (147, 14), (152, 9), (154, 5), (177, 4), (189, 4), (222, 21), (231, 12), (267, 15), (268, 5), (275, 18)]
those [(176, 1), (204, 8), (216, 6), (245, 11), (249, 1), (252, 13)]
thump [(206, 7), (206, 14)]
thumps [(218, 23)]
tip [(151, 8), (291, 8)]
to [(2, 16), (8, 18), (9, 9), (10, 14), (13, 24), (27, 13), (38, 18), (41, 19), (47, 17), (63, 16), (88, 11), (89, 14), (118, 15), (129, 13), (132, 1), (134, 15), (155, 13), (163, 11), (166, 14), (168, 16), (171, 19), (172, 11), (187, 21), (192, 12), (228, 22), (231, 1), (237, 20), (238, 15), (249, 22), (250, 13), (293, 14), (297, 6)]
too [(2, 8), (9, 1), (10, 5), (109, 25)]
top [(75, 8), (150, 19)]
toy [(78, 14), (94, 16), (95, 14), (121, 14)]
trick [(147, 19), (280, 6)]
tricks [(35, 18), (37, 16), (54, 5), (219, 22)]
two [(6, 18), (154, 18), (156, 21), (160, 1), (174, 16), (204, 14), (208, 7), (239, 21), (249, 7), (293, 20)]
TWO [(76, 15)]
Two [(161, 21), (165, 12), (169, 26), (173, 26)]
up [(59, 1), (59, 4), (59, 7), (66, 17), (76, 12), (77, 12), (81, 11), (90, 12), (92, 12), (106, 6), (123, 11), (150, 13), (158, 14), (209, 10), (252, 10), (260, 14), (270, 20), (277, 16), (281, 22), (282, 11)]
us [(21, 20), (27, 16), (166, 17), (228, 25), (231, 9), (293, 17)]
wall [(205, 25), (207, 10)]
want [(47, 12), (163, 6)]
was [(2, 4), (13, 20), (42, 12), (146, 4), (273, 5), (290, 13)]
way [(221, 20), (226, 24), (231, 17), (271, 13)]
we [(3, 4), (6, 1), (6, 15), (8, 1), (11, 4), (12, 1), (13, 8), (18, 5), (22, 1), (23, 6), (24, 1), (25, 5), (31, 5), (33, 25), (56, 7), (108, 1), (172, 4), (174, 1), (204, 1), (211, 1), (214, 6), (270, 1), (281, 6), (298, 8), (300, 8), (301, 18)]
well [(302, 1)]
went [(20, 20), (241, 3), (262, 13), (299, 17)]
were [(281, 45)]
wet [(2, 12), (4, 22), (9, 5), (29, 15), (189, 9), (189, 14), (189, 19)]
what [(41, 14), (103, 9), (117, 11), (171, 14), (223, 5), (228, 5), (229, 1), (257, 8), (258, 13), (259, 18), (295, 11), (297, 1), (301, 6), (303, 1)]
when [(51, 1), (126, 1), (179, 1)]
white [(213, 16)]
who [(273, 1)]
why [(28, 2), (56, 2), (274, 1)]
will [(38, 3), (39, 13), (65, 4), (66, 3), (133, 4), (139, 3), (155, 3), (156, 5), (158, 4), (159, 5), (162, 14), (188, 6), (198, 21), (199, 21), (228, 10), (229, 6), (230, 9), (238, 5), (266, 17), (267, 5), (279, 3)]
wish [(7, 20), (57, 26), (63, 11), (134, 10)]
with [(5, 13), (58, 1), (59, 10), (68, 1), (74, 2), (96, 12), (98, 11), (105, 14), (144, 14), (146, 13), (151, 1), (157, 14), (169, 1), (173, 1), (212, 10), (217, 1), (218, 5), (225, 20), (242, 14), (244, 8), (247, 14), (261, 12), (263, 1), (291, 1)]
wood [(145, 11)]
would [(168, 1), (223, 10), (303, 6)]
yes [(265, 21)]
yet [(245, 24)]
you [(28, 9), (38, 21), (47, 1), (57, 22), (65, 17), (66, 13), (89, 5), (117, 16), (121, 1), (123, 1), (124, 5), (125, 1), (127, 1), (139, 13), (155, 16), (156, 1), (159, 1), (162, 28), (167, 20), (168, 7), (188, 16), (227, 4), (233, 5), (236, 16), (238, 1), (251, 6), (252, 1), (253, 5), (255, 2), (279, 13), (294, 6), (295, 20)]
YOU [(303, 12), (304, 22)]
your [(39, 1), (51, 6), (179, 6), (226, 2), (234, 13), (235, 1), (266, 5), (304, 4)]
